 0   0   5  11
 0   1   6  11
 0   2   7  11
 0   3   8  11
 0   4   9  11
 0   5  10  11
 0   6  11  11
 0   7   5  10
 0   8   6  10
 0   9   7  10
 0  10   8  10
 0  11   9  10
 0  12  10  10
 0  13  11  10
 0  14   5   9
 0  15   6   9
 0  16   7   9
 0  17   8   9
 0  18   9   9
 0  19  10   9
 0  20  11   9
 0  21   5   8
 0  22   6   8
 0  23   7   8
 0  24   8   8
 0  25   9   8
 0  26  10   8
 0  27  11   8
 0  28   5   7
 0  29   6   7
 0  30   7   7
 0  31   8   7
 0  32   9   7
 0  33  10   7
 0  34  11   7
 0  35   5   6
 0  36   6   6
 0  37   7   6
 0  38   8   6
 0  39   9   6
 0  40  10   6
 0  41  11   6
 0  42   5   5
 0  43   6   5
 0  44   7   5
 0  45   8   5
 0  46   9   5
 0  47  10   5
 0  48  11   5
 0  49   6   4
 0  50   7   4
 0  51   8   4
 0  52   9   4
 0  53  10   4
 0  54  12   4
 0  55  12   6
 0  56  12   7
 0  57  12   8
 0  58  12   9
 0  59  12  10
 0  60  12  12
 0  61  10  12
 0  62   9  12
 0  63   8  12
 1   0  10  14
 1   1  12  14
 1   2  13  14
 1   3  14  14
 1   4  14  13
 1   5  14  12
 1   6  14  10
 1   7  14   9
 1   8  14   8
 1   9  14   7
 1  10  14   6
 1  11  14   4
 1  12  14   3
 1  13  14   2
 1  14  13   2
 1  15  12   2
 1  16  10   2
 1  17   9   2
 1  18   8   2
 1  19   7   2
 1  20   6   2
 1  21   4   2
 1  22   3   2
 1  23   3   3
 1  24   3   4
 1  25   3   6
 1  26   3   7
 1  27   3   8
 1  28   3   9
 1  29   3  10
 1  30   3  12
 1  31   3  13
 1  32   4  13
 1  33   6  13
 1  34   7  13
 1  35   8  13
 1  36   9  13
 1  37  10  13
 1  38  12  13
 1  39  13  13
 1  40  13  12
 1  41  13  10
 1  42  13   9
 1  43  13   8
 1  44  13   7
 1  45  13   6
 1  46  13   4
 1  47  13   3
 1  48  12   3
 1  49  10   3
 1  50   9   3
 1  51   8   3
 1  52   7   3
 1  53   6   3
 1  54   4   3
 1  55   4   4
 1  56   4   6
 1  57   4   7
 1  58   4   8
 1  59   4   9
 1  60   4  10
 1  61   4  12
 1  62   6  12 
 1  63   7  12
 2   0   1   2
 2   1   1   3
 2   2   1   4
 2   3   1   6
 2   4   1   7
 2   5   1   8
 2   6   1   9
 2   7   1  10
 2   8   1  12
 2   9   1  13
 2  10   1  14
 2  11   1  15
 2  12   2  15
 2  13   3  15
 2  14   4  15
 2  15   6  15
 2  16   7  15
 2  17   8  15
 2  18   9  15
 2  19  10  15
 2  20  12  15
 2  21  13  15
 2  22  14  15
 2  23  15  15
 2  24  15  14
 2  25  15  13
 2  26  15  12
 2  27  15  10
 2  28  15   9
 2  29  15   8
 2  30  15   7
 2  31  15   6
 2  32  15   4
 2  33  15   3
 2  34  15   2
 2  35  15   1
 2  36  14   1
 2  37  13   1
 2  38  12   1
 2  39  10   1
 2  40   9   1
 2  41   8   1 
 2  42   7   1
 2  43   6   1
 2  44   4   1
 2  45   3   1
 2  46   2   1
 2  47   2   2
 2  48   2   3
 2  49   2   4
 2  50   2   6
 2  51   2   7
 2  52   2   8
 2  53   2   9
 2  54   2  10
 2  55   2  12
 2  56   2  13
 2  57   2  14
 2  58   3  14
 2  59   4  14
 2  60   6  14
 2  61   7  14
 2  62   8  14
 2  63   9  14
 3   0   0   5
 3   1   0   5
 3   2   0   5
 3   3   0   5 
 3   4   0   5 
 3   5   0   5
 3   6   0   5 
 3   7   0   0
 3   8   0   1
 3   9   0   2
 3  10	 0   3
 3  11   0   4
 3  12   0   6
 3  13   0   7
 3  14   0   8
 3  15   0   9
 3  16   0  10
 3  17   0  12
 3  18   0  13
 3  19   0  14
 3  20   0  15
 3  21   0  16 
 3  22   1  16
 3  23   2  16
 3  24   3  16  
 3  25   4  16
 3  26   6  16
 3  27   7  16
 3  28   8  16
 3  29   9  16
 3  30  10  16
 3  31  12  16
 3  32  13  16 
 3  33  14  16
 3  34  15  16
 3  35  16  16
 3  36  16  15 
 3  37  16  14
 3  38  16  13
 3  39  16  12
 3  40  16  10
 3  41  16   9
 3  42  16   8
 3  43  16   7
 3  44  16   6
 3  45  16   4
 3  46  16   3
 3  47  16   2 
 3  48  16   1 
 3  49  16   0
 3  50  15   0
 3  51  14   0
 3  52  13   0 
 3  53  12   0 
 3  54  10   0  
 3  55   9   0
 3  56   8   0
 3  57   7   0
 3  58   6   0
 3  59   4   0
 3  60   3   0
 3  61   2   0
 3  62   1   0
 3  63   0   0   
